28,45,46,
71,156,180,
192,199,220,
262,301,319,
329,361,376,
378,386,405,
412,434,452,
462,468,496,
502,506,516,
529,569,634,
655,678,688,
689,717,731,
743,750,754,
787,797,808,
809,824,826,
835,836,854,
859,862,869,
881,965,975,
1000,1063,1088,
1090,1101,1108,
1113,1115,1129,
1181,1184,1191,
1194,1195,1219,
1259,1292,1302,
1305,1349,1372,
1375,1385,1405,
1408,1421,1448,
1513,1540,1551,
1570,1572,1579,
1586,1595,1597,
1605,1611,1612,
1621,1641,1654,
1667,1685,1696,
1724,1771,1801,
1804,1809,1811,
1839,1869,1938,
1961,1969,1970,
1974,1977,1986,
1987,2007,2018,
2055,2079,2087,
2165,2168,2183,
2187,2189,2195,
2198,2217,2224,
2236,2316,2324,
2325,2340,2357,
2400,2417,2418,
2440,2475,2523,
2561,2580,2594,
2600,2612,2630,
2650,2669,2688,
2701,2723,2730,
2746,2750,2777,
2786,2788,2798,
2829,2844,2846,
2862,2868,2909,
2913,2948,2998,
3044,3056,3082,
3090,3091,3101,
3114,3117,3148,
3154,3204,3241,
3246,3250,3280,
3282,3299,3304,
3305,3308,3312,
3314,3370,3408,
3436,3450,3453,
3506,3518,3530,
3555,3593,3614,
3618,3664,3682,
3683,3688,3702,
3707,3714,3718,
3723,3727,3747,
3748,3766,3777,
3825,3837,3851,
3890,3897,3911,
3924,3929,3960,
3989,4008,4015,
4033,4069,4080,
4102,4203,4221,
4256,4260,4276,
4299,4308,4323,
4335,4400,4405,
4423,4436,4453,
4461,4493,4499,
4518,4531,4598,
4600,4624,4636,
4653,4655,4660,
4680,4695,4742,
4759,4772,4784,
4809,4842,4859,
4862,4870,4872,
4902,4913,4920,
4927,4936,4953,
4966,4982,5010,
5030,5048,5055,
5080,5099,5112,
5119,5132,5141,
5231,5239,5287,
5300,5337,5349,
5387,5429,5528,
5591,5608,5615,
5644,5651,5655,
5659,5667,5686,
5687,5699,5740,
5749,5767,5768,
5777,5786,5793,
5802,5808,5811,
5889,5893,5897,
5905,5907,5908,
5931,5984,5997,
5999,6001,6022,
6043,6098,6110,
6111,6117,6130,
6162,6176,6192,
6199,6208,6212,
6228,6232,6233,
6243,6260,6265,
6268,6272,6331,
6345,6348,6366,
6386,6395,6427,
6434,6443,6468,
6539,6547,6558,
6564,6600,6606,
6654,6676,6684,
6702,6706,6712,
6718,6743,6898,
6907,6909,6929,
6958,6984,6989,
7005,7008,7018,
7022,7031,7033,
7069,7083,7086,
7105,7125,7133,
7141,7161,7178,
7196,7200,7260,
7272,7285,7322,
7472,7478,7491,
7524,7550,7557,
7597,7602,7639,
7647,7648,7657,
7688,7695,7717,
7721,7781,7784,
7786,7789,7805,
7807,7811,7847,
7851,7853,7875,
7943,7973,7989,
8045,8058,8068,
8072,8073,8086,
8092,8100,8105,
8134,8140,8155,
8173,8177,8178,
8249,8272,8303,
8383,8406,8457,
8475,8491,8501,
8502,8510,8521,
8570,8606,8610,
8615,8625,8641,
8679,8695,8705,
8724,8736,8797,
8801,8810,8821,
8829,8840,8849,
8889,8905,8956,
8994,9004,9013,
9039,9071,9072,
9073,9074,9112,
9134,9139,9148,
9162,9170,9174,
9184,9191,9192,
9199,9200,9206,
9216,9220,9226,
9304,9337,9398,
9463,9489,9501,
9510,9523,9532,
9533,9542,9565,
9570,9618,9632,
9638,9675,9684,
9701,9704,9705,
9717,9730,9744,
9749,9801,9802,
9826,9834,9842,
9880,9912,9970,
9985,9994,10046,
10052,10056,10093,
10107,10117,10122,
10139,10160,10196,
10206,10207,10211,
10218,10233,10242,
10274,10324,10382,
10384,10385,10443,
10457,10499,10506,
10539,10543,10544,
10556,10571,10585,
10592,10604,10617,
10638,10642,10701,
10748,10750,10766,
10768,10775,10797,
10798,10829,10842,
10852,10905,10919,
10922,10931,10942,
10945,10949,10958,
10961,10977,10987,
11011,11043,11072,
11077,11087,11117,
11128,11182,11198,
11201,11211,11215,
11296,11301,11307,
11352,11376,11379,
11390,11395,11439,
11446,11447,11462,
11473,11501,11511,
11513,11518,11536,
11607,11644,11656,
11660,11667,11691,
11697,11708,11715,
11730,11733,11745,
11776,11783,11791,
11816,11828,11853,
11883,11896,11907,
11929,11931,11971,
11987,12016,12038,
12040,12054,12060,
12085,12118,12139,
12156,12161,12169,
12197,12213,12304,
12335,12342,12382,
12389,12416,12417,
12432,12438,12488,
12506,12520,12528,
12576,12578,12596,
12598,12654,12683,
12687,12695,12710,
12713,12714,12719,
12724,12728,12744,
12788,12799,12808,
12823,12824,12826,
12864,12896,12913,
12928,12929,12951,
12955,12965,12968,
13001,13011,13016,
13028,13042,13047,
13059,13063,13111,
13119,13136,13152,
13168,13173,13238,
13255,13286,13293,
13352,13384,13389,
13396,13398,13400,
13404,13440,13451,
13464,13510,13544,
13578,13615,13647,
13678,13692,13695,
13696,13711,13722,
13732,13740,13754,
13774,13808,13810,
13856,13868,13872,
13887,13889,13901,
13908,13918,13942,
13946,13950,13951,
13954,13971,14006,
14057,14060,14085,
14119,14125,14213,
14246,14258,14282,
14295,14304,14335,
14344,14398,14413,
14425,14429,14438,
14445,14461,14464,
14485,14492,14499,
14505,14565,14594,
14612,14613,14615,
14616,14624,14662,
14678,14685,14686,
14688,14716,14777,
14787,14789,14846,
14878,14881,14894,
14895,14984,14993,
15045,15052,15060,
15073,15120,15134,
15140,15162,15188,
15214,15216,15234,
15244,15259,15276,
15277,15285,15301,
15303,15349,15411,
15414,15420,15470,
15487,15490,15540,
15576,15582,15588,
15616,15632,15645,
15647,15697,15702,
15703,15715,15717,
15730,15802,15821,
15872,15882,15930,
15933,15938,16003,
16022,16033,16074,
16083,16089,16097,
16105,16111,16125,
16127,16215,16231,
16243,16264,16280,
16282,16289,16312,
16331,16334,16371,
16396,16400,16403,
16417,16425,16430,
16446,16468,16472,
16475,16485,16548,
16606,16623,16631,
16641,16654,16672,
16675,16697,16711,
16750,16769,16852,
16859,16863,16872,
16897,16903,16930,
16976,16977,16991,
16994,16995,17007,
17024,17043,17044,
17070,17082,17097,
17098,17104,17110,
17113,17128,17152,
17158,17160,17187,
17257,17258,17279,
17290,17312,17328,
17376,17389,17418,
17440,17449,17481,
17503,17532,17552,
17558,17582,17616,
17638,17641,17642,
17672,17712,17713,
17751,17772,17777,
17788,17811,17821,
17838,17850,17852,
17875,17900,17905,
17931,17937,17949,
17957,17967,17992,
18011,18013,18026,
18038,18041,18050,
18078,18097,18133,
18150,18154,18205,
18211,18253,18254,
18267,18303,18342,
18366,18393,18396,
18427,18437,18442,
18444,18467,18473,
18503,18507,18529,
18535,18552,18567,
18581,18595,18607,
18625,18632,18644,
18663,18698,18707,
18711,18774,18775,
18796,18811,18823,
18850,18855,18858,
18897,18903,18918,
18930,18971,18975,
18985,18997,19010,
19029,19097,19113,
19135,19159,19165,
19169,19176,19196,
19197,19200,19242,
19258,19283,19310,
19323,19347,19368,
19400,19439,19477,
19489,19550,19551,
19622,19675,19721,
19729,19775,19785,
19787,19799,19801,
19814,19830,19834,
19836,19839,19844,
19868,19882,19937,
19951,19999,20007,
20020,20058,20076,
20091,20103,20114,
20157,20158,20171,
20216,20226,20227,
20234,20246,20306,
20337,20362,20366,
20420,20424,20512,
20525,20540,20541,
20558,20575,20578,
20592,20610,20612,
20626,20662,20704,
20764,20772,20775,
20778,20781,20805,
20814,20832,20849,
20873,20875,20900,
20951,20993,20994,
20996,21076,21105,
21107,21159,21162,
21167,21177,21197,
21219,21223,21265,
21342,21374,21386,
21390,21414,21439,
21455,21463,21481,
21497,21525,21529,
21534,21537,21541,
21546,21581,21585,
21591,21603,21613,
21622,21631,21689,
21691,21695,21717,
21742,21752,21773,
21794,21819,21827,
21832,21833,21865,
21882,21900,21926,
21933,21935,21936,
21946,21975,21992,
22043,22081,22094,
22152,22153,22173,
22186,22202,22218,
22232,22244,22261,
22270,22308,22311,
22371,22379,22402,
22413,22451,22474,
22480,22481,22484,
22515,22541,22559,
22561,22570,22580,
22582,22583,22609,
22634,22646,22672,
22699,22703,22722,
22747,22760,22766,
22773,22784,22789,
22812,22823,22828,
22856,22861,22865,
22878,22888,22898,
22918,22926,22932,
22958,22959,22968,
22977,22989,23001,
23037,23065,23082,
23119,23126,23130,
23143,23161,23162,
23173,23174,23187,
23275,23292,23309,
23320,23341,23348,
23382,23385,23388,
23422,23443,23471,
23476,23491,23496,
23508,23583,23590,
23604,23616,23623,
23643,23655,23670,
23674,23701,23703,
23737,23768,23796,
23803,23806,23816,
23818,23827,23838,
23840,23867,23891,
23916,23917,23923,
23948,23954,24036,
24042,24057,24113,
24117,24164,24172,
24240,24256,24266,
24295,24301,24391,
24443,24459,24488,
24497,24499,24508,
24535,24542,24571,
24576,24585,24617,
24633,24681,24687,
24706,24726,24734,
24737,24744,24749,
24769,24779,24786,
24799,24813,24842,
24843,24877,24889,
24893,24918,25001,
25020,25023,25029,
25051,25062,25094,
25117,25152,25199,
25222,25235,25282,
25287,25294,25302,
25317,25319,25322,
25351,25393,25417,
25423,25455,25469,
25511,25557,25574,
25577,25582,25589,
25596,25601,25633,
25652,25655,25720,
25733,25753,25789,
25811,25821,25839,
25851,25860,25881,
25897,25898,25904,
25916,25917,25929,
25953,25962,26007,
26020,26029,26030,
26041,26044,26051,
26065,26066,26074,
26084,26090,26112,
26126,26136,26144,
26171,26205,26213,
26217,26230,26245,
26257,26263,26277,
26298,26318,26325,
26328,26362,26380,
26387,26408,26448,
26458,26460,26484,
26497,26504,26531,
26546,26556,26563,
26586,26590,26620,
26629,26684,26734,
26738,26741,26749,
26757,26772,26797,
26814,26835,26858,
26874,26888,26915,
26922,26956,26961,
26998,27058,27113,
27123,27133,27162,
27193,27197,27215,
27228,27245,27272,
27329,27334,27345,
27419,27458,27483,
27494,27496,27529,
27547,27572,27574,
27575,27582,27646,
27652,27655,27681,
27714,27729,27740,
27752,27787,27807,
27814,27815,27842,
27851,27853,27857,
27914,27975,27982,
27984,27999,28005,
28017,28031,28041,
28048,28053,28065,
28081,28082,28087,
28105,28109,28121,
28139,28173,28195,
28200,28220,28230,
28307,28365,28407,
28415,28421,28441,
28458,28474,28492,
28499,28512,28527,
28540,28583,28585,
28611,28612,28630,
28633,28647,28655,
28657,28684,28699,
28724,28728,28745,
28771,28773,28781,
28810,28821,28827,
28835,28856,28869,
28931,28990,28994,
29029,29100,29117,
29147,29159,29165,
29185,29186,29196,
29204,29260,29277,
29294,29298,29352,
29367,29379,29418,
29480,29495,29518,
29538,29543,29549,
29551,29582,29594,
29618,29634,29642,
29651,29660,29698,
29737,29753,29766,
29770,29771,29778,
29808,29860,29862,
29874,29903,29924,
29926,29940,30005,
30050,30053,30099,
30118,30119,30123,
30135,30144,30147,
30171,30199,30208,
30209,30234,30237,
30247,30248,30309,
30326,30389,30412,
30430,30438,30488,
30510,30523,30553,
30573,30600,30620,
30634,30653,30673,
30739,30744,30746,
30772,30786,30791,
30795,30802,30805,
30872,30881,30909,
30931,30959,30972,
30976,31001,31025,
31034,31037,31042,
31065,31088,31126,
31138,31172,31173,
31175,31185,31191,
31202,31264,31295,
31309,31316,31323,
31350,31361,31364,
31383,31385,31398,
31407,31427,31429,
31437,31442,31446,
31452,31456,31512,
31548,31552,31648,
31723,31737,31758,
31851,31886,31887,
31895,31898,31959,
31966,31971,31980,
31983,31985,32009,
32036,32085,32091,
32144,32173,32188,
32204,32331,32352,
32405,32422,32445,
32446,32457,32527,
32538,32548,32555,
32556,32615,32634,
32648,32676,32739,
32766,32772,32788,
32801,32812,32823,
32843,32868,32890,
32901,32904,32916,
32918,32939,32953,
32984,33009,33031,
33043,33070,33081,
33096,33097,33103,
33174,33180,33194,
33243,33262,33263,
33271,33274,33323,
33329,33340,33353,
33355,33386,33416,
33421,33429,33467,
33512,33515,33540,
33553,33564,33615,
33620,33625,33639,
33657,33661,33672,
33689,33727,33730,
33731,33737,33773,
33805,33807,33848,
33866,33888,33904,
33919,33949,33978,
33993,34003,34024,
34038,34060,34176,
34267,34277,34291,
34294,34299,34314,
34362,34402,34406,
34431,34441,34452,
34486,34489,34495,
34518,34526,34527,
34543,34581,34591,
34611,34617,34624,
34633,34644,34663,
34684,34700,34727,
34734,34745,34747,
34766,34792,34818,
34823,34847,34861,
34914,34940,34950,
34970,34980,35041,
35059,35072,35074,
35083,35102,35103,
35114,35115,35123,
35124,35152,35180,
35181,35229,35252,
35265,35281,35315,
35326,35339,35362,
35371,35391,35404,
35459,35561,35583,
35623,35661,35693,
35725,35780,35798,
35805,35827,35865,
35890,35902,35909,
35960,35990,35998,
36039,36061,36108,
36125,36136,36145,
36156,36184,36201,
36210,36216,36226,
36286,36320,36364,
36367,36417,36428,
36441,36474,36513,
36524,36593,36594,
36604,36646,36656,
36679,36720,36728,
36757,36766,36794,
36806,36814,36824,
36841,36842,36856,
36865,36926,36945,
36950,36962,36964,
36996,37064,37092,
37110,37172,37186,
37201,37212,37213,
37220,37230,37248,
37277,37284,37320,
37328,37342,37347,
37351,37356,37379,
37381,37393,37399,
37404,37442,37445,
37471,37479,37509,
37542,37550,37552,
37554,37556,37598,
37602,37644,37707,
37745,37751,37757,
37778,37785,37794,
37811,37813,37828,
37845,37859,37871,
37892,37900,37936,
37948,37968,37970,
37971,38041,38048,
38066,38083,38095,
38108,38120,38144,
38160,38168,38171,
38215,38234,38301,
38303,38306,38347,
38361,38397,38415,
38427,38445,38458,
38482,38535,38541,
38547,38556,38564,
38575,38577,38607,
38625,38627,38633,
38664,38669,38676,
38677,38684,38701,
38707,38731,38735,
38754,38801,38818,
38839,38842,38851,
38896,38905,38911,
38921,39048,39069,
39104,39180,39181,
39185,39191,39198,
39216,39278,39288,
39305,39323,39326,
39332,39335,39340,
39349,39352,39371,
39386,39387,39398,
39418,39423,39476,
39494,39501,39507,
39508,39516,39525,
39542,39547,39564,
39578,39589,39590,
39653,39658,39665,
39684,39686,39707,
39761,39779,39789,
39821,39850,39876,
39880,39881,39884,
39900,39970,40026,
40033,40081,40106,
40130,40142,40145,
40151,40167,40174,
40278,40310,40331,
40392,40425,40484,
40492,40506,40509,
40545,40551,40568,
40578,40614,40642,
40654,40713,40728,
40750,40798,40807,
40840,40858,40872,
40884,40898,40905,
40941,40943,40998,
41005,41013,41024,
41027,41041,41075,
41117,41147,41163,
41182,41198,41199,
41203,41210,41230,
41243,41263,41362,
41374,41418,41420,
41426,41491,41494,
41525,41537,41546,
41563,41595,41623,
41641,41646,41668,
41671,41683,41685,
41720,41727,41778,
41805,41812,41815,
41819,41827,41835,
41864,41876,41883,
41900,41951,41964,
41977,41993,42000,
42009,42032,42037,
42042,42075,42127,
42157,42163,42189,
42190,42192,42252,
42268,42279,42318,
42347,42392,42425,
42430,42456,42511,
42512,42525,42535,
42545,42554,42555,
42591,42676,42700,
42731,42740,42741,
42749,42755,42773,
42781,42804,42868,
42876,42882,42884,
42886,42915,42943,
42946,42947,42972,
42974,42986,42995,
43000,43017,43020,
43027,43040,43047,
43053,43075,43101,
43116,43166,43190,
43196,43210,43211,
43225,43238,43256,
43275,43279,43309,
43321,43376,43421,
43453,43474,43498,
43538,43547,43549,
43553,43563,43570,
43573,43576,43605,
43623,43624,43628,
43658,43688,43706,
43756,43771,43783,
43845,43851,43854,
43869,43870,43900,
43903,43904,43918,
43929,43937,43968,
43985,43987,44000,
44019,44024,44037,
44039,44064,44079,
44086,44102,44150,
44155,44202,44240,
44258,44260,44279,
44296,44388,44426,
44434,44438,44445,
44446,44455,44460,
44509,44527,44582,
44590,44605,44612,
44615,44671,44713,
44718,44735,44748,
44772,44778,44804,
44817,44823,44838,
44844,44870,44948,
44980,44996,44998,
45007,45026,45093,
45123,45125,45167,
45198,45202,45210,
45213,45215,45253,
45260,45277,45309,
45357,45377,45381,
45394,45397,45433,
45488,45510,45527,
45570,45627,45636,
45654,45662,45728,
45736,45758,45795,
45807,45831,45839,
45874,45887,45893,
45942,45959,45961,
45974,45978,45995,
46032,46037,46089,
46136,46138,46174,
46196,46224,46229,
46231,46232,46298,
46302,46319,46337,
46364,46390,46400,
46403,46460,46470,
46483,46488,46509,
46549,46551,46566,
46599,46626,46658,
46682,46700,46702,
46749,46750,46753,
46763,46766,46815,
46877,46882,46885,
46900,46919,46924,
46951,46976,46999,
47011,47023,47027,
47044,47079,47080,
47090,47098,47107,
47115,47121,47122,
47147,47177,47200,
47226,47228,47269,
47344,47348,47369,
47383,47398,47426,
47430,47449,47458,
47465,47468,47481,
47498,47504,47523,
47542,47605,47616,
47631,47641,47669,
47698,47712,47730,
47735,47741,47745,
47805,47835,47859,
47863,47864,47871,
47878,47963,47964,
47965,47967,47976,
47990,47991,48005,
48033,48035,48105,
48142,48175,48192,
48205,48207,48224,
48235,48252,48275,
48301,48322,48344,
48348,48360,48371,
48373,48428,48430,
48438,48508,48523,
48549,48565,48572,
48573,48585,48629,
48665,48667,48671,
48712,48730,48735,
48751,48793,48800,
48825,48835,48844,
48861,48905,48937,
48949,48959,48967,
48972,49032,49038,
49049,49059,49061,
49063,49098,49101,
49114,49141,49173,
49192,49207,49225,
49254,49260,49270,
49286,49304,49308,
49310,49333,49372,
49376,49384,49408,
49426,49456,49522,
49524,49550,49551,
49629,49639,49642,
49653,49656,49660,
49699,49704,49733,
49745,49753,49760,
49775,49776,49841,
49848,49866,49908,
49914,49931,49932,
49961,49963,49964,
49969,49985,50014,
50025,50037,50043,
50067,50085,50122,
50133,50135,50145,
50156,50175,50186,
50187,50200,50266,
50286,50287,50296,
50302,50303,50350,
50389,50397,50400,
50421,50427,50432,
50435,50448,50482,
50546,50566,50574,
50639,50643,50662,
50674,50757,50804,
50812,50836,50838,
50840,50859,50921,
51003,51004,51018,
51067,51091,51096,
51128,51142,51153,
51154,51195,51229,
51233,51250,51264,
51269,51274,51283,
51294,51295,51320,
51328,51335,51369,
51381,51512,51513,
51535,51540,51580,
51592,51631,51668,
51703,51719,51724,
51787,51799,51842,
51844,51855,51873,
51878,51895,51921,
51922,51931,51932,
51950,52036,52083,
52090,52133,52137,
52144,52164,52171,
52185,52211,52222,
52247,52252,52275,
52316,52383,52424,
52425,52436,52437,
52439,52450,52467,
52482,52525,52537,
52596,52620,52625,
52640,52654,52667,
52694,52698,52701,
52706,52709,52711,
52712,52728,52738,
52752,52767,52798,
52828,52868,52882,
52904,52911,52913,
52921,52927,52946,
52950,52954,52968,
52974,52997,53053,
53086,53132,53137,
53151,53167,53183,
53185,53190,53228,
53230,53237,53245,
53248,53269,53306,
53331,53366,53384,
53394,53405,53407,
53427,53440,53462,
53474,53496,53521,
53530,53564,53571,
53577,53580,53629,
53630,53665,53682,
53688,53700,53704,
53733,53754,53755,
53763,53782,53788,
53790,53797,53800,
53822,53830,53860,
53861,53876,53905,
53917,53926,53927,
53932,53951,53980,
54009,54023,54036,
54044,54050,54064,
54072,54084,54100,
54126,54192,54200,
54208,54219,54222,
54255,54265,54279,
54323,54329,54338,
54339,54345,54356,
54367,54368,54387,
54391,54392,54394,
54396,54411,54440,
54456,54477,54489,
54497,54501,54516,
54520,54570,54576,
54615,54642,54645,
54652,54655,54668,
54681,54710,54724,
54725,54741,54757,
54764,54785,54789,
54813,54833,54839,
54850,54854,54862,
54907,54935,54968,
54992,55008,55031,
55032,55072,55074,
55095,55112,55131,
55148,55172,55186,
55203,55216,55222,
55228,55232,55254,
55283,55299,55304,
55307,55323,55342,
55351,55361,55371,
55386,55389,55395,
55397,55398,55402,
55450,55451,55477,
55481,55516,55533,
55537,55552,55628,
55631,55633,55662,
55670,55684,55695,
55706,55713,55725,
55734,55741,55773,
55784,55803,55812,
55817,55821,55827,
55860,55868,55893,
55920,55921,55936,
55943,55981,55996,
55998,56036,56059,
56075,56089,56135,
56201,56202,56203,
56219,56237,56239,
56267,56290,56303,
56316,56335,56375,
56381,56436,56463,
56486,56504,56529,
56535,56549,56558,
56561,56568,56579,
56587,56596,56600,
56603,56614,56615,
56646,56671,56672,
56695,56703,56718,
56719,56721,56736,
56760,56784,56791,
56796,56809,56823,
56855,56891,56895,
56934,56940,56953,
56971,56976,56983,
56989,56992,57005,
57039,57088,57106,
57130,57133,57155,
57159,57176,57185,
57232,57234,57238,
57258,57279,57283,
57322,57333,57335,
57345,57347,57435,
57445,57529,57544,
57592,57616,57647,
57670,57672,57680,
57681,57697,57701,
57721,57733,57752,
57757,57761,57773,
57809,57815,57828,
57834,57835,57891,
57904,57908,57921,
57929,57942,57966,
57969,58008,58034,
58039,58073,58075,
58082,58087,58108,
58129,58172,58189,
58194,58220,58223,
58226,58229,58282,
58286,58294,58297,
58299,58306,58308,
58323,58375,58412,
58414,58423,58429,
58438,58480,58486,
58519,58532,58539,
58547,58564,58573,
58605,58619,58635,
58640,58657,58676,
58679,58697,58724,
58725,58734,58765,
58779,58781,58782,
58816,58821,58841,
58850,58899,58907,
58909,58933,58940,
58948,58968,58993,
59024,59035,59060,
59082,59099,59132,
59136,59141,59145,
59205,59248,59272,
59280,59315,59331,
59341,59404,59410,
59427,59429,59447,
59448,59452,59470,
59474,59483,59508,
59520,59527,59537,
59545,59548,59570,
59582,59612,59616,
59622,59658,59672,
59677,59694,59739,
59746,59755,59784,
59800,59804,59819,
59839,59862,60044,
60051,60074,60079,
60125,60167,60168,
60184,60201,60209,
60267,60285,60335,
60360,60371,60393,
60394,60395,60412,
60425,60436,60443,
60445,60457,60526,
60544,60553,60566,
60610,60622,60629,
60640,60677,60685,
60727,60732,60772,
60790,60824,60838,
60883,60934,60941,
60951,60996,60998,
61028,61029,61044,
61064,61077,61099,
61183,61214,61215,
61228,61249,61279,
61303,61323,61329,
61349,61355,61371,
61384,61392,61397,
61398,61402,61423,
61451,61509,61514,
61522,61524,61544,
61545,61556,61561,
61575,61594,61619,
61689,61696,61708,
61711,61734,61811,
61840,61854,61880,
61895,61908,61918,
61944,61951,61970,
61978,61982,61984,
62009,62011,62015,
62022,62024,62027,
62038,62048,62064,
62073,62090,62108,
62116,62223,62225,
62289,62306,62311,
62314,62329,62348,
62368,62398,62435,
62452,62460,62481,
62529,62533,62546,
62585,62614,62648,
62658,62659,62667,
62733,62734,62738,
62742,62755,62756,
62759,62805,62858,
62860,62872,62899,
62928,62958,62961,
62996,63006,63038,
63041,63046,63103,
63155,63165,63170,
63186,63220,63258,
63260,63277,63286,
63328,63330,63334,
63340,63355,63416,
63464,63482,63500,
63506,63537,63594,
63617,63626,63627,
63646,63690,63694,
63704,63720,63791,
63792,63793,63834,
63836,63838,63855,
63878,63900,63990,
63993,64005,64040,
64042,64076,64079,
64221,64226,64236,
64246,64261,64263,
64265,64277,64278,
64301,64341,64373,
64387,64398,64409,
64428,64453,64454,
64461,64469,64472,
64474,64484,64487,
64508,64514,64527,
64549,64552,64582,
64603,64623,64629,
64662,64682,64696,
64721,64739,64759,
64773,64832,64858,
64859,64887,64890,
64891,64907,64917,
64963,64968,64983,
64995,65000,65003,
65016,65033,65037,
65053,65060,65079,
65092,65176,65177,
65198,65221,65225,
65250,65301,65316,
65317,65323,65326,
65334,65348,65358,
65361,65367,65382,
65400,65405,65437,
65438,65506,65553,
65560,65621,65658,
65675,65677,65685,
65693,65745,65747,
65774,65813,65820,
65849,65854,65859,
65891,65893,65895,
65920,65935,66042,
66046,66063,66082,
66084,66101,66122,
66149,66198,66203,
66205,66212,66227,
66279,66290,66296,
66312,66322,66323,
66350,66381,66444,
66449,66450,66456,
66500,66507,66515,
66516,66519,66593,
66658,66712,66734,
66774,66822,66839,
66865,66906,66917,
66972,67039,67058,
67072,67123,67195,
67238,67267,67283,
67284,67301,67305,
67332,67349,67365,
67374,67387,67395,
67429,67439,67451,
67486,67494,67503,
67527,67534,67542,
67595,67649,67658,
67670,67678,67702,
67721,67723,67756,
67765,67808,67830,
67836,67843,67854,
67873,67879,67928,
67937,68003,68011,
68027,68028,68053,
68069,68070,68076,
68081,68095,68097,
68103,68114,68183,
68186,68191,68210,
68233,68274,68287,
68306,68369,68387,
68400,68415,68421,
68440,68497,68503,
68506,68530,68536,
68582,68601,68614,
68645,68665,68670,
68683,68684,68710,
68753,68776,68792,
68796,68807,68813,
68823,68829,68833,
68845,68854,68890,
68893,68914,68927,
68932,68955,68966,
68989,69020,69024,
69057,69138,69143,
69152,69168,69175,
69191,69195,69200,
69205,69209,69229,
69237,69244,69285,
69294,69295,69300,
69330,69346,69350,
69353,69356,69385,
69409,69413,69433,
69434,69455,69495,
69501,69502,69506,
69513,69529,69533,
69554,69559,69573,
69647,69657,69682,
69684,69763,69796,
69798,69801,69804,
69816,69831,69834,
69887,69906,69907,
69933,70013,70055,
70082,70101,70111,
70112,70118,70126,
70128,70129,70140,
70166,70171,70186,
70216,70219,70223,
70248,70250,70263,
70277,70407,70475,
70507,70556,70599,
70637,70658,70672,
70750,70770,70773,
70798,70808,70814,
70846,70970,70996,
71003,71071,71081,
71093,71096,71118,
71130,71142,71151,
71207,71210,71242,
71276,71289,71292,
71326,71367,71374,
71407,71411,71424,
71486,71517,71536,
71538,71574,71581,
71586,71592,71601,
71672,71707,71726,
71732,71749,71755,
71759,71825,71847,
71861,71876,71903,
71911,71934,71948,
71964,71976,71978,
71979,71981,72005,
72043,72045,72179,
72193,72196,72207,
72211,72214,72215,
72272,72319,72329,
72361,72389,72390,
72415,72439,72445,
72480,72512,72528,
72529,72540,72558,
72562,72571,72587,
72589,72598,72600,
72601,72708,72763,
72774,72800,72810,
72818,72845,72902,
72903,72915,72931,
72943,72962,72971,
72975,73001,73021,
73024,73034,73046,
73057,73070,73106,
73107,73157,73212,
73217,73220,73228,
73232,73237,73258,
73263,73275,73284,
73306,73316,73329,
73346,73396,73411,
73446,73454,73459,
73474,73475,73478,
73491,73516,73522,
73538,73545,73588,
73691,73718,73719,
73734,73740,73741,
73748,73749,73770,
73795,73826,73880,
73883,73884,73890,
73914,73918,73958,
73964,73965,74008,
74015,74042,74071,
74088,74139,74156,
74214,74224,74227,
74230,74259,74273,
74283,74290,74353,
74362,74365,74376,
74411,74437,74444,
74454,74472,74495,
74508,74516,74530,
74535,74578,74613,
74620,74684,74719,
74741,74744,74773,
74813,74845,74888,
74924,74929,74930,
74931,74938,74942,
75001,75004,75006,
75015,75016,75023,
75029,75034,75041,
75043,75064,75085,
75090,75096,75110,
75129,75175,75205,
75225,75241,75244,
75248,75266,75290,
75295,75302,75321,
75328,75339,75511,
75573,75578,75588,
75626,75682,75693,
75733,75759,75765,
75780,75801,75824,
75840,75895,75919,
75925,76001,76013,
76030,76061,76103,
76117,76119,76131,
76142,76146,76153,
76163,76164,76185,
76192,76196,76202,
76213,76220,76319,
76325,76379,76390,
76395,76399,76412,
76415,76429,76435,
76456,76458,76467,
76475,76484,76512,
76526,76530,76534,
76540,76566,76583,
76613,76635,76644,
76654,76658,76677,
76686,76693,76719,
76735,76739,76743,
76744,76755,76770,
76782,76842,76850,
76857,76867,76880,
76882,76896,76910,
76919,76929,76946,
76952,76964,76996,
77024,77034,77042,
77066,77086,77095,
77096,77114,77148,
77150,77168,77178,
77213,77222,77239,
77255,77272,77308,
77350,77351,77356,
77395,77406,77410,
77450,77455,77470,
77481,77498,77554,
77568,77574,77576,
77587,77614,77620,
77640,77670,77683,
77711,77726,77747,
77759,77805,77815,
77840,77871,77886,
77903,77931,77938,
77989,77999,78031,
78034,78066,78107,
78144,78153,78166,
78169,78204,78222,
78227,78247,78268,
78333,78393,78419,
78423,78427,78450,
78507,78518,78533,
78572,78585,78604,
78682,78683,78695,
78708,78710,78743,
78747,78779,78783,
78813,78825,78861,
78883,78889,78907,
78923,78931,78985,
79069,79081,79084,
79088,79109,79113,
79117,79127,79163,
79169,79216,79225,
79243,79286,79289,
79310,79348,79357,
79449,79452,79453,
79466,79477,79500,
79512,79521,79532,
79536,79556,79580,
79616,79668,79685,
79686,79710,79735,
79746,79773,79798,
79802,79804,79826,
79836,79839,79845,
79877,79878,79904,
79911,79926,79987,
79999,80005,80013,
80027,80060,80085,
80095,80126,80137,
80142,80180,80189,
80195,80209,80215,
80242,80257,80286,
80295,80313,80371,
80389,80395,80406,
80423,80424,80451,
80526,80532,80569,
80690,80721,80722,
80730,80734,80750,
80805,80813,80816,
80820,80865,80866,
80877,80899,80923,
80934,80951,80956,
80957,80968,81024,
81037,81042,81067,
81086,81105,81109,
81130,81152,81202,
81211,81217,81218,
81224,81248,81249,
81255,81300,81321,
81325,81352,81365,
81379,81381,81392,
81405,81429,81432,
81436,81464,81483,
81493,81499,81519,
81531,81533,81550,
81569,81580,81587,
81594,81609,81655,
81664,81683,81695,
81701,81702,81714,
81735,81741,81774,
81789,81799,81813,
81842,81848,81876,
81891,81895,81896,
81946,81949,81989,
82026,82048,82063,
82094,82096,82115,
82142,82217,82220,
82242,82258,82275,
82290,82312,82341,
82345,82358,82363,
82380,82395,82419,
82443,82448,82455,
82474,82529,82538,
82565,82572,82595,
82630,82638,82640,
82678,82698,82703,
82705,82715,82721,
82794,82805,82815,
82821,82844,82882,
82890,82892,82893,
82898,82917,82931,
82936,82955,82996,
82999,83005,83050,
83060,83079,83121,
83132,83146,83153,
83154,83170,83182,
83203,83206,83208,
83213,83222,83232,
83256,83288,83296,
83298,83300,83314,
83330,83363,83366,
83378,83380,83423,
83469,83475,83542,
83550,83558,83567,
83581,83588,83590,
83591,83632,83634,
83641,83677,83737,
83750,83760,83825,
83830,83863,83878,
83882,83895,83927,
83963,83966,83989,
83990,84017,84031,
84063,84072,84081,
84089,84106,84109,
84112,84155,84158,
84160,84163,84169,
84189,84207,84231,
84257,84275,84287,
84337,84345,84398,
84423,84460,84468,
84477,84478,84502,
84503,84530,84550,
84575,84583,84599,
84629,84654,84673,
84679,84696,84733,
84750,84756,84765,
84770,84800,84845,
84925,84933,84939,
84945,84965,84987,
84993,85024,85039,
85049,85063,85065,
85069,85109,85220,
85271,85288,85289,
85298,85354,85368,
85388,85409,85410,
85421,85430,85448,
85466,85486,85491,
85516,85519,85529,
85559,85682,85686,
85693,85717,85738,
85769,85784,85787,
85801,85804,85810,
85832,85848,85879,
85931,85943,85944,
85955,85973,85975,
86013,86015,86033,
86059,86060,86079,
86085,86086,86088,
86096,86112,86134,
86151,86175,86181,
86193,86202,86212,
86241,86278,86281,
86282,86315,86335,
86339,86408,86421,
86457,86462,86470,
86512,86516,86520,
86571,86583,86598,
86652,86668,86693,
86708,86742,86756,
86769,86783,86801,
86814,86819,86844,
86865,86897,86936,
86938,86942,86946,
86969,86972,86974,
86984,86985,87010,
87039,87055,87064,
87110,87148,87181,
87193,87253,87269,
87276,87279,87285,
87300,87378,87391,
87442,87443,87456,
87464,87472,87501,
87522,87538,87539,
87556,87559,87561,
87615,87657,87705,
87711,87737,87738,
87742,87769,87810,
87873,87874,87903,
87905,87931,87941,
87965,87981,87986,
87993,88021,88032,
88040,88077,88104,
88144,88151,88165,
88166,88181,88188,
88211,88245,88258,
88261,88294,88299,
88330,88375,88394,
88395,88415,88418,
88482,88495,88498,
88555,88578,88579,
88591,88604,88631,
88666,88686,88697,
88735,88737,88762,
88775,88797,88802,
88806,88814,88821,
88829,88862,88871,
88884,88890,88961,
88971,89023,89025,
89037,89039,89047,
89050,89074,89124,
89143,89175,89239,
89269,89273,89283,
89286,89289,89312,
89382,89411,89422,
89440,89462,89480,
89481,89489,89498,
89501,89503,89506,
89554,89574,89586,
89626,89649,89659,
89672,89720,89746,
89747,89777,89822,
89835,89838,89842,
89857,89905,89934,
89959,89976,89988,
90018,90024,90064,
90068,90093,90105,
90135,90153,90168,
90176,90178,90231,
90247,90277,90322,
90355,90362,90404,
90408,90412,90427,
90447,90472,90535,
90555,90560,90575,
90578,90652,90695,
90724,90732,90741,
90752,90763,90790,
90816,90822,90835,
90867,90876,90900,
90902,90944,90970,
90994,91006,91020,
91027,91054,91084,
91103,91110,91140,
91142,91143,91149,
91163,91187,91210,
91223,91233,91305,
91310,91326,91342,
91345,91348,91359,
91372,91384,91395,
91409,91423,91470,
91489,91500,91515,
91523,91534,91537,
91580,91600,91609,
91655,91735,91744,
91752,91765,91767,
91770,91808,91823,
91922,91936,91937,
91943,91945,91952,
91959,91967,91994,
91996,91997,92029,
92033,92108,92109,
92163,92215,92218,
92241,92256,92263,
92311,92328,92355,
92391,92401,92433,
92434,92462,92501,
92504,92545,92578,
92610,92646,92686,
92743,92775,92787,
92854,92864,92924,
92928,92933,92934,
92957,92961,92963,
92986,93002,93027,
93028,93037,93080,
93092,93094,93098,
93111,93115,93124,
93178,93230,93231,
93243,93250,93259,
93266,93271,93272,
93301,93313,93364,
93376,93384,93392,
93412,93417,93431,
93432,93435,93448,
93476,93488,93581,
93599,93605,93620,
93622,93648,93660,
93678,93705,93721,
93757,93786,93813,
93839,93852,93862,
93922,93926,93935,
93963,93971,93979,
93991,94000,94083,
94092,94116,94119,
94145,94155,94158,
94163,94181,94240,
94278,94308,94328,
94346,94368,94379,
94469,94475,94488,
94494,94517,94539,
94545,94549,94550,
94593,94608,94618,
94621,94622,94640,
94668,94676,94700,
94701,94743,94789,
94806,94819,94859,
94877,94900,94914,
94925,94932,94934,
94941,94972,94973,
94978,94980,94983,
95000,95038,95045,
95053,95062,95067,
95082,95088,95106,
95143,95149,95151,
95169,95175,95199,
95205,95230,95250,
95288,95292,95298,
95320,95329,95354,
95370,95384,95408,
95410,95431,95434,
95449,95466,95467,
95488,95502,95503,
95511,95522,95539,
95544,95551,95559,
95577,95625,95629,
95635,95651,95662,
95677,95683,95726,
95727,95763,95768,
95782,95783,95801,
95802,95819,95823,
95838,95847,95862,
95895,95899,95916,
95941,95949,95997,
96017,96054,96084,
96100,96118,96125,
96128,96142,96148,
96158,96161,96167,
96173,96180,96204,
96212,96231,96257,
96261,96263,96298,
96314,96334,96363,
96402,96420,96423,
96446,96475,96492,
96511,96517,96518,
96530,96536,96540,
96569,96610,96619,
96621,96676,96702,
96718,96722,96731,
96736,96742,96757,
96778,96784,96787,
96806,96831,96832,
96861,96864,96866,
96949,97010,97011,
97012,97017,97022,
97058,97062,97079,
97133,97173,97186,
97204,97212,97228,
97231,97262,97319,
97332,97354,97372,
97387,97390,97452,
97485,97510,97535,
97554,97564,97569,
97738,97757,97790,
97805,97819,97826,
97830,97834,97852,
97885,97893,97924,
97931,97938,97944,
97970,97985,97997,
97998,98064,98065,
98133,98140,98152,
98155,98169,98186,
98211,98234,98252,
98287,98289,98334,
98354,98378,98421,
98430,98438,98439,
98445,98454,98463,
98474,98521,98537,
98545,98547,98554,
98556,98570,98604,
98621,98648,98670,
98680,98696,98712,
98719,98728,98750,
98773,98775,98810,
98869,98902,98903,
98948,98980,98999,
99017,99025,99080,
99114,99123,99139,
99199,99203,99206,
99236,99271,99282,
99310,99349,99352,
99355,99360,99368,
99412,99419,99439,
99465,99546,99553,
99577,99578,99639,
99644,99652,99691,
99699,99701,99706,
99708,99731,99740,
99755,99772,99778,
99786,99848,99851,
99864,99883,99891,
99892,99893,99945,
100009,100012,100017,
100077,100080,100098,
100125,100126,100143,
100145,100173,100190,
100260,100270,100279,
100299,100336,100347,
100352,100355,100390,
100402,100416,100452,
100486,100506,100528,
100534,100562,100585,
100593,100618,100631,
100647,100713,100724,
100728,100742,100750,
100802,100821,100829,
100834,100861,100871,
100879,100889,100980,
100996,101056,101076,
101082,101123,101124,
101145,101164,101170,
101203,101246,101251,
101311,101319,101393,
101409,101421,101429,
101437,101444,101456,
101467,101478,101490,
101510,101514,101519,
101530,101549,101550,
101554,101571,101582,
101610,101621,101659,
101661,101677,101683,
101711,101728,101737,
101739,101746,101769,
101780,101786,101798,
101827,101846,101924,
101940,101948,101985,
101993,102000,102013,
102073,102108,102123,
102161,102183,102193,
102202,102217,102229,
102232,102240,102248,
102273,102287,102315,
102318,102328,102329,
102401,102404,102410,
102470,102537,102545,
102551,102559,102574,
102647,102651,102683,
102686,102688,102726,
102735,102739,102757,
102764,102812,102855,
102890,102898,102904,
102921,102947,102962,
102985,103022,103055,
103064,103081,103086,
103112,103120,103161,
103164,103171,103173,
103174,103190,103268,
103274,103300,103305,
103308,103325,103338,
103353,103369,103424,
103428,103443,103451,
103452,103460,103469,
103496,103512,103523,
103524,103532,103547,
103548,103554,103574,
103590,103591,103602,
103611,103623,103625,
103626,103666,103680,
103699,103744,103759,
103816,103825,103837,
103912,103916,103924,
103941,103946,103967,
103988,103997,104057,
104076,104124,104149,
104159,104176,104230,
104261,104276,104298,
104311,104336,104343,
104350,104381,104429,
104450,104460,104502,
104514,104520,104541,
104551,104635,104661,
104679,104698,104704,
104708,104714,104717,
104723,104875,104926,
104954,104959,104965,
104974,105029,105072,
105080,105086,105092,
105109,105119,105153,
105167,105206,105245,
105255,105312,105339,
105353,105355,105358,
105401,105420,105426,
105429,105435,105482,
105484,105500,105520,
105527,105532,105576,
105590,105595,105597,
105604,105644,105658,
105660,105662,105666,
105700,105729,105771,
105784,105806,105854,
105890,105939,105950,
105989,106012,106023,
106035,106065,106088,
106127,106159,106160,
106171,106172,106175,
106185,106200,106222,
106267,106276,106278,
106300,106313,106339,
106364,106382,106406,
106409,106424,106432,
106456,106460,106466,
106472,106473,106476,
106487,106515,106539,
106566,106579,106605,
106662,106676,106712,
106720,106772,106780,
106845,106860,106876,
106908,106953,106966,
107001,107007,107024,
107026,107048,107056,
107110,107181,107185,
107198,107221,107302,
107320,107323,107335,
107354,107408,107415,
107418,107425,107507,
107509,107554,107555,
107563,107579,107596,
107601,107634,107640,
107674,107700,107712,
107713,107717,107795,
107834,107840,107867,
107884,107889,107893,
107915,107919,107930,
107931,107938,107945,
107947,107954,107959,
107964,107965,107990,
108006,108016,108021,
108057,108111,108130,
108132,108135,108161,
108178,108191,108193,
108195,108223,108245,
108261,108267,108277,
108299,108318,108339,
108348,108357,108372,
108376,108380,108410,
108475,108488,108494,
108513,108586,108608,
108617,108627,108636,
108647,108654,108669,
108770,108785,108875,
108903,108906,108913,
108918,108938,108951,
108959,109010,109028,
109065,109067,109070,
109078,109086,109090,
109092,109105,109121,
109130,109133,109333,
109335,109365,109373,
109375,109376,109401,
109417,109445,109455,
109506,109535,109544,
109554,109566,109569,
109597,109598,109605,
109608,109737,109738,
109814,109815,109817,
109831,109846,109857,
109858,109866,109889,
109894,109916,109920,
109926,109930,109972,
109993,110008,110013,
110069,110086,110101,
110105,110134,110151,
110154,110156,110194,
110219,110237,110241,
110255,110264,110276,
110282,110285,110298,
110321,110344,110363,
110378,110412,110449,
110450,110473,110476,
110482,110488,110490,
110516,110525,110548,
110570,110571,110576,
110582,110588,110592,
110619,110623,110652,
110684,110714,110723,
110782,110808,110816,
110834,110838,110884,
110904,110914,110922,
110986,110989,111019,
111064,111074,111110,
111158,111176,111229,
111241,111261,111315,
111331,111334,111337,
111342,111350,111351,
111359,111377,111385,
111396,111430,111440,
111441,111496,111527,
111547,111553,111554,
111563,111602,111649,
111674,111716,111725,
111730,111759,111782,
111809,111813,111834,
111849,111867,111879,
111894,111902,111903,
111907,111910,111921,
111931,111933,111952,
111957,111962,111990,
111997,111998,112045,
112052,112053,112069,
112072,112076,112088,
112107,112124,112137,
112156,112175,112196,
112209,112214,112216,
112245,112291,112307,
112333,112336,112425,
112426,112452,112483,
112489,112553,112556,
112559,112592,112645,
112683,112710,112719,
112734,112735,112736,
112744,112745,112749,
112766,112795,112849,
112858,112865,112873,
112894,112897,112934,
112988,112991,113047,
113050,113056,113059,
113060,113107,113149,
113165,113176,113220,
113227,113252,113257,
113261,113277,113293,
113304,113324,113352,
113371,113382,113414,
113424,113443,113466,
113479,113519,113533,
113537,113544,113562,
113567,113600,113605,
113622,113669,113681,
113683,113684,113689,
113696,113710,113712,
113745,113748,113763,
113766,113767,113768,
113795,113816,113820,
113842,113910,113916,
113929,113942,113971,
113980,113985,114022,
114052,114074,114079,
114080,114101,114116,
114117,114118,114165,
114171,114197,114215,
114219,114227,114242,
114261,114304,114330,
114331,114334,114353,
114358,114359,114374,
114409,114415,114435,
114491,114500,114537,
114559,114565,114676,
114678,114704,114705,
114724,114739,114783,
114784,114791,114795,
114798,114802,114819,
114822,114835,114837,
114865,114877,114889,
114892,114893,114917,
114925,114937,114944,
114957,114964,114966,
114995,115004,115011,
115015,115039,115041,
115048,115112,115134,
115139,115150,115191,
115270,115296,115329,
115350,115358,115408,
115416,115473,115475,
115570,115611,115636,
115649,115676,115682,
115688,115699,115719,
115755,115790,115794,
115812,115851,115857,
115874,115889,115895,
115899,115920,115959,
115994,116003,116014,
116017,116021,116026,
116034,116052,116139,
116152,116159,116166,
116173,116176,116191,
116224,116225,116236,
116243,116252,116272,
116276,116308,116314,
116317,116340,116344,
116346,116371,116401,
116411,116437,116448,
116461,116496,116506,
116510,116511,116540,
116543,116552,116558,
116566,116572,116573,
116591,116595,116612,
116640,116686,116696,
116706,116736,116760,
116806,116822,116831,
116833,116858,116863,
116874,116883,116890,
116940,116948,116962,
116964,116969,116974,
117022,117033,117037,
117053,117054,117095,
117111,117116,117122,
117144,117187,117193,
117212,117265,117268,
117277,117289,117290,
117296,117323,117330,
117358,117363,117368,
117377,117383,117393,
117399,117441,117447,
117451,117461,117492,
117498,117509,117519,
117551,117556,117561,
117562,117578,117626,
117633,117718,117735,
117738,117776,117777,
117820,117881,117893,
117898,117912,117933,
117949,117987,117988,
118001,118012,118054,
118088,118103,118135,
118145,118163,118167,
118240,118254,118261,
118325,118337,118356,
118390,118395,118414,
118417,118437,118438,
118439,118478,118486,
118509,118512,118548,
118551,118570,118573,
118590,118596,118611,
118646,118677,118722,
118740,118756,118835,
118863,118927,118955,
118972,119002,119018,
119088,119133,119148,
119175,119195,119224,
119230,119239,119264,
119318,119322,119324,
119339,119358,119372,
119377,119421,119455,
119477,119481,119489,
119507,119536,119574,
119592,119598,119656,
119658,119664,119686,
119693,119717,119723,
119724,119735,119753,
119758,119774,119784,
119822,119833,119834,
119838,119848,119858,
119872,119880,119881,
119886,119898,119902,
119903,119910,119976,
119983,119991,119996,
120055,120065,120101,
120125,120132,120158,
120188,120198,120227,
120254,120270,120285,
120293,120353,120365,
120380,120436,120451,
120455,120457,120505,
120513,120518,120569,
120576,120580,120584,
120585,120588,120594,
120605,120617,120715,
120730,120762,120785,
120804,120846,120870,
120891,120916,120965,
121014,121050,121061,
121064,121077,121122,
121167,121191,121214,
121222,121247,121255,
121304,121310,121317,
121318,121338,121400,
121437,121447,121466,
121515,121540,121547,
121567,121568,121592,
121610,121615,121617,
121635,121697,121699,
121707,121743,121774,
121781,121786,121811,
121814,121822,121846,
121857,121934,122000,
122005,122016,122029,
122051,122065,122067,
122089,122102,122148,
122149,122176,122183,
122188,122235,122246,
122290,122305,122398,
122401,122406,122408,
122452,122473,122477,
122478,122503,122521,
122530,122542,122545,
122546,122555,122627,
122660,122665,122680,
122713,122714,122734,
122769,122808,122852,
122898,122946,122961,
122971,122994,123007,
123025,123026,123028,
123046,123052,123087,
123119,123131,123143,
123146,123158,123160,
123187,123212,123217,
123223,123230,123344,
123361,123365,123378,
123380,123389,123404,
123416,123467,123470,
123489,123497,123535,
123541,123545,123575,
123658,123673,123685,
123689,123690,123701,
123720,123804,123832,
123855,123886,123893,
123895,123897,123965,
123986,123993,124065,
124067,124076,124102,
124119,124122,124150,
124197,124264,124265,
124278,124303,124356,
124378,124387,124411,
124424,124497,124507,
124509,124519,124526,
124530,124586,124587,
124642,124648,124672,
124702,124708,124711,
124736,124741,124762,
124768,124786,124795,
124817,124832,124869,
124894,124902,124903,
124945,124947,124969,
125032,125034,125041,
125049,125050,125053,
125128,125146,125165,
125170,125184,125236,
125244,125251,125298,
125303,125374,125517,
125527,125531,125534,
125557,125625,125635,
125636,125639,125646,
125652,125655,125656,
125657,125673,125693,
125723,125729,125870,
125906,125916,125920,
125950,125975,125976,
