66042,66046,66063,
66082,66084,66101,
66122,66149,66198,
66203,66205,66212,
66227,66279,66290,
66296,66312,66322,
66323,66350,66381,
66444,66449,66450,
66456,66500,66507,
66515,66516,66519,
66593,66658,66712,
66734,66774,66822,
66839,66865,66906,
66917,66972,67039,
67058,67072,67123,
67195,67238,67267,
67283,67284,67301,
67305,67332,67349,
67365,67374,67387,
67395,67429,67439,
67451,67486,67494,
67503,67527,67534,
67542,67595,67649,
67658,67670,67678,
67702,67721,67723,
67756,67765,67808,
67830,67836,67843,
67854,67873,67879,
67928,67937,68003,
68011,68027,68028,
68053,68069,68070,
68076,68081,68095,
68097,68103,68114,
68183,68186,68191,
68210,68233,68274,
68287,68306,68369,
68387,68400,68415,
68421,68440,68497,
68503,68506,68530,
68536,68582,68601,
68614,68645,68665,
68670,68683,68684,
68710,68753,68776,
68792,68796,68807,
68813,68823,68829,
68833,68845,68854,
68890,68893,68914,
68927,68932,68955,
68966,68989,69020,
69024,69057,69138,
69143,69152,69168,
69175,69191,69195,
69200,69205,69209,
69229,69237,69244,
69285,69294,69295,
69300,69330,69346,
69350,69353,69356,
69385,69409,69413,
69433,69434,69455,
69495,69501,69502,
69506,69513,69529,
69533,69554,69559,
69573,69647,69657,
69682,69684,69763,
69796,69798,69801,
69804,69816,69831,
69834,69887,69906,
69907,69933,70013,
70055,70082,70101,
70111,70112,70118,
70126,70128,70129,
70140,70166,70171,
70186,70216,70219,
70223,70248,70250,
70263,70277,70407,
70475,70507,70556,
70599,70637,70658,
70672,70750,70770,
70773,70798,70808,
70814,70846,70970,
70996,71003,71071,
71081,71093,71096,
71118,71130,71142,
71151,71207,71210,
71242,71276,71289,
71292,71326,71367,
71374,71407,71411,
71424,71486,71517,
71536,71538,71574,
71581,71586,71592,
71601,71672,71707,
71726,71732,71749,
71755,71759,71825,
71847,71861,71876,
71903,71911,71934,
71948,71964,71976,
71978,71979,71981,
72005,72043,72045,
72179,72193,72196,
72207,72211,72214,
72215,72272,72319,
72329,72361,72389,
72390,72415,72439,
72445,72480,72512,
72528,72529,72540,
72558,72562,72571,
72587,72589,72598,
72600,72601,72708,
72763,72774,72800,
72810,72818,72845,
72902,72903,72915,
72931,72943,72962,
72971,72975,73001,
73021,73024,73034,
73046,73057,73070,
73106,73107,73157,
73212,73217,73220,
73228,73232,73237,
73258,73263,73275,
73284,73306,73316,
73329,73346,73396,
73411,73446,73454,
73459,73474,73475,
73478,73491,73516,
73522,73538,73545,
73588,73691,73718,
73719,73734,73740,
73741,73748,73749,
73770,73795,73826,
73880,73883,73884,
73890,73914,73918,
73958,73964,73965,
74008,74015,74042,
74071,74088,74139,
74156,74214,74224,
74227,74230,74259,
74273,74283,74290,
74353,74362,74365,
74376,74411,74437,
74444,74454,74472,
74495,74508,74516,
74530,74535,74578,
74613,74620,74684,
74719,74741,74744,
74773,74813,74845,
74888,74924,74929,
74930,74931,74938,
74942,75001,75004,
75006,75015,75016,
75023,75029,75034,
75041,75043,75064,
75085,75090,75096,
75110,75129,75175,
75205,75225,75241,
75244,75248,75266,
75290,75295,75302,
75321,75328,75339,
75511,75573,75578,
75588,75626,75682,
75693,75733,75759,
75765,75780,75801,
75824,75840,75895,
75919,75925,76001,
76013,76030,76061,
76103,76117,76119,
76131,76142,76146,
76153,76163,76164,
76185,76192,76196,
76202,76213,76220,
76319,76325,76379,
76390,76395,76399,
76412,76415,76429,
76435,76456,76458,
76467,76475,76484,
76512,76526,76530,
76534,76540,76566,
76583,76613,76635,
76644,76654,76658,
76677,76686,76693,
76719,76735,76739,
76743,76744,76755,
76770,76782,76842,
76850,76857,76867,
76880,76882,76896,
76910,76919,76929,
76946,76952,76964,
76996,77024,77034,
77042,77066,77086,
77095,77096,77114,
77148,77150,77168,
77178,77213,77222,
77239,77255,77272,
77308,77350,77351,
77356,77395,77406,
77410,77450,77455,
77470,77481,77498,
77554,77568,77574,
77576,77587,77614,
77620,77640,77670,
77683,77711,77726,
77747,77759,77805,
77815,77840,77871,
77886,77903,77931,
77938,77989,77999,
78031,78034,78066,
78107,78144,78153,
78166,78169,78204,
78222,78227,78247,
78268,78333,78393,
78419,78423,78427,
78450,78507,78518,
78533,78572,78585,
78604,78682,78683,
78695,78708,78710,
78743,78747,78779,
78783,78813,78825,
78861,78883,78889,
78907,78923,78931,
78985,79069,79081,
79084,79088,79109,
79113,79117,79127,
79163,79169,79216,
79225,79243,79286,
79289,79310,79348,
79357,79449,79452,
79453,79466,79477,
79500,79512,79521,
79532,79536,79556,
79580,79616,79668,
79685,79686,79710,
79735,79746,79773,
79798,79802,79804,
79826,79836,79839,
79845,79877,79878,
79904,79911,79926,
79987,79999,80005,
80013,80027,80060,
80085,80095,80126,
80137,80142,80180,
80189,80195,80209,
80215,80242,80257,
80286,80295,80313,
80371,80389,80395,
80406,80423,80424,
80451,80526,80532,
80569,80690,80721,
80722,80730,80734,
80750,80805,80813,
80816,80820,80865,
80866,80877,80899,
80923,80934,80951,
80956,80957,80968,
81024,81037,81042,
81067,81086,81105,
81109,81130,81152,
81202,81211,81217,
81218,81224,81248,
81249,81255,81300,
81321,81325,81352,
81365,81379,81381,
81392,81405,81429,
81432,81436,81464,
81483,81493,81499,
81519,81531,81533,
81550,81569,81580,
81587,81594,81609,
81655,81664,81683,
81695,81701,81702,
81714,81735,81741,
81774,81789,81799,
81813,81842,81848,
81876,81891,81895,
81896,81946,81949,
81989,82026,82048,
82063,82094,82096,
82115,82142,82217,
82220,82242,82258,
82275,82290,82312,
82341,82345,82358,
82363,82380,82395,
82419,82443,82448,
82455,82474,82529,
82538,82565,82572,
82595,82630,82638,
82640,82678,82698,
82703,82705,82715,
82721,82794,82805,
82815,82821,82844,
82882,82890,82892,
82893,82898,82917,
82931,82936,82955,
82996,82999,83005,
83050,83060,83079,
83121,83132,83146,
83153,83154,83170,
83182,83203,83206,
83208,83213,83222,
83232,83256,83288,
83296,83298,83300,
83314,83330,83363,
83366,83378,83380,
83423,83469,83475,
83542,83550,83558,
83567,83581,83588,
83590,83591,83632,
83634,83641,83677,
83737,83750,83760,
83825,83830,83863,
83878,83882,83895,
83927,83963,83966,
83989,83990,84017,
84031,84063,84072,
84081,84089,84106,
84109,84112,84155,
84158,84160,84163,
84169,84189,84207,
84231,84257,84275,
84287,84337,84345,
84398,84423,84460,
84468,84477,84478,
84502,84503,84530,
84550,84575,84583,
84599,84629,84654,
84673,84679,84696,
84733,84750,84756,
84765,84770,84800,
84845,84925,84933,
84939,84945,84965,
84987,84993,85024,
85039,85049,85063,
85065,85069,85109,
85220,85271,85288,
85289,85298,85354,
85368,85388,85409,
85410,85421,85430,
85448,85466,85486,
85491,85516,85519,
85529,85559,85682,
85686,85693,85717,
85738,85769,85784,
85787,85801,85804,
85810,85832,85848,
85879,85931,85943,
85944,85955,85973,
85975,86013,86015,
86033,86059,86060,
86079,86085,86086,
86088,86096,86112,
86134,86151,86175,
86181,86193,86202,
86212,86241,86278,
86281,86282,86315,
86335,86339,86408,
86421,86457,86462,
86470,86512,86516,
86520,86571,86583,
86598,86652,86668,
86693,86708,86742,
86756,86769,86783,
86801,86814,86819,
86844,86865,86897,
86936,86938,86942,
86946,86969,86972,
86974,86984,86985,
87010,87039,87055,
87064,87110,87148,
87181,87193,87253,
87269,87276,87279,
87285,87300,87378,
87391,87442,87443,
87456,87464,87472,
87501,87522,87538,
87539,87556,87559,
87561,87615,87657,
87705,87711,87737,
87738,87742,87769,
87810,87873,87874,
87903,87905,87931,
87941,87965,87981,
87986,87993,88021,
88032,88040,88077,
88104,88144,88151,
88165,88166,88181,
88188,88211,88245,
88258,88261,88294,
88299,88330,88375,
88394,88395,88415,
88418,88482,88495,
88498,88555,88578,
88579,88591,88604,
88631,88666,88686,
88697,88735,88737,
88762,88775,88797,
88802,88806,88814,
88821,88829,88862,
88871,88884,88890,
88961,88971,89023,
89025,89037,89039,
89047,89050,89074,
89124,89143,89175,
89239,89269,89273,
89283,89286,89289,
89312,89382,89411,
89422,89440,89462,
89480,89481,89489,
89498,89501,89503,
89506,89554,89574,
89586,89626,89649,
89659,89672,89720,
89746,89747,89777,
89822,89835,89838,
89842,89857,89905,
89934,89959,89976,
89988,90018,90024,
90064,90068,90093,
90105,90135,90153,
90168,90176,90178,
90231,90247,90277,
90322,90355,90362,
90404,90408,90412,
90427,90447,90472,
90535,90555,90560,
90575,90578,90652,
90695,90724,90732,
90741,90752,90763,
90790,90816,90822,
90835,90867,90876,
90900,90902,90944,
90970,90994,91006,
91020,91027,91054,
91084,91103,91110,
91140,91142,91143,
91149,91163,91187,
91210,91223,91233,
91305,91310,91326,
91342,91345,91348,
91359,91372,91384,
91395,91409,91423,
91470,91489,91500,
91515,91523,91534,
91537,91580,91600,
91609,91655,91735,
91744,91752,91765,
91767,91770,91808,
91823,91922,91936,
91937,91943,91945,
91952,91959,91967,
91994,91996,91997,
92029,92033,92108,
92109,92163,92215,
92218,92241,92256,
92263,92311,92328,
92355,92391,92401,
92433,92434,92462,
92501,92504,92545,
92578,92610,92646,
92686,92743,92775,
92787,92854,92864,
92924,92928,92933,
92934,92957,92961,
92963,92986,93002,
93027,93028,93037,
93080,93092,93094,
93098,93111,93115,
93124,93178,93230,
93231,93243,93250,
93259,93266,93271,
93272,93301,93313,
93364,93376,93384,
93392,93412,93417,
93431,93432,93435,
93448,93476,93488,
93581,93599,93605,
93620,93622,93648,
93660,93678,93705,
93721,93757,93786,
93813,93839,93852,
93862,93922,93926,
93935,93963,93971,
93979,93991,94000,
94083,94092,94116,
94119,94145,94155,
94158,94163,94181,
94240,94278,94308,
94328,94346,94368,
94379,94469,94475,
94488,94494,94517,
94539,94545,94549,
94550,94593,94608,
94618,94621,94622,
94640,94668,94676,
94700,94701,94743,
94789,94806,94819,
94859,94877,94900,
94914,94925,94932,
94934,94941,94972,
94973,94978,94980,
94983,95000,95038,
95045,95053,95062,
95067,95082,95088,
95106,95143,95149,
95151,95169,95175,
95199,95205,95230,
95250,95288,95292,
95298,95320,95329,
95354,95370,95384,
95408,95410,95431,
95434,95449,95466,
95467,95488,95502,
95503,95511,95522,
95539,95544,95551,
95559,95577,95625,
95629,95635,95651,
95662,95677,95683,
95726,95727,95763,
95768,95782,95783,
95801,95802,95819,
95823,95838,95847,
95862,95895,95899,
95916,95941,95949,
95997,96017,96054,
96084,96100,96118,
96125,96128,96142,
96148,96158,96161,
96167,96173,96180,
96204,96212,96231,
96257,96261,96263,
96298,96314,96334,
96363,96402,96420,
96423,96446,96475,
96492,96511,96517,
96518,96530,96536,
96540,96569,96610,
96619,96621,96676,
96702,96718,96722,
96731,96736,96742,
96757,96778,96784,
96787,96806,96831,
96832,96861,96864,
96866,96949,97010,
97011,97012,97017,
97022,97058,97062,
97079,97133,97173,
97186,97204,97212,
97228,97231,97262,
97319,97332,97354,
97372,97387,97390,
97452,97485,97510,
97535,97554,97564,
97569,97738,97757,
97790,97805,97819,
97826,97830,97834,
97852,97885,97893,
97924,97931,97938,
97944,97970,97985,
97997,97998,98064,
98065,98133,98140,
98152,98155,98169,
98186,98211,98234,
98252,98287,98289,
98334,98354,98378,
98421,98430,98438,
98439,98445,98454,
98463,98474,98521,
98537,98545,98547,
98554,98556,98570,
98604,98621,98648,
98670,98680,98696,
98712,98719,98728,
98750,98773,98775,
98810,98869,98902,
98903,98948,98980,
98999,99017,99025,
99080,99114,99123,
99139,99199,99203,
99206,99236,99271,
99282,99310,99349,
99352,99355,99360,
99368,99412,99419,
99439,99465,99546,
99553,99577,99578,
99639,99644,99652,
99691,99699,99701,
99706,99708,99731,
99740,99755,99772,
99778,99786,99848,
99851,99864,99883,
99891,99892,99893,
99945,100009,100012,
100017,100077,100080,
100098,100125,100126,
100143,100145,100173,
100190,100260,100270,
100279,100299,100336,
100347,100352,100355,
100390,100402,100416,
100452,100486,100506,
100528,100534,100562,
100585,100593,100618,
100631,100647,100713,
100724,100728,100742,
100750,100802,100821,
100829,100834,100861,
100871,100879,100889,
100980,100996,101056,
101076,101082,101123,
101124,101145,101164,
101170,101203,101246,
101251,101311,101319,
101393,101409,101421,
101429,101437,101444,
101456,101467,101478,
101490,101510,101514,
101519,101530,101549,
101550,101554,101571,
101582,101610,101621,
101659,101661,101677,
101683,101711,101728,
101737,101739,101746,
101769,101780,101786,
101798,101827,101846,
101924,101940,101948,
101985,101993,102000,
102013,102073,102108,
102123,102161,102183,
102193,102202,102217,
102229,102232,102240,
102248,102273,102287,
102315,102318,102328,
102329,102401,102404,
102410,102470,102537,
102545,102551,102559,
102574,102647,102651,
102683,102686,102688,
102726,102735,102739,
102757,102764,102812,
102855,102890,102898,
102904,102921,102947,
102962,102985,103022,
103055,103064,103081,
103086,103112,103120,
103161,103164,103171,
103173,103174,103190,
103268,103274,103300,
103305,103308,103325,
103338,103353,103369,
103424,103428,103443,
103451,103452,103460,
103469,103496,103512,
103523,103524,103532,
103547,103548,103554,
103574,103590,103591,
103602,103611,103623,
103625,103626,103666,
103680,103699,103744,
103759,103816,103825,
103837,103912,103916,
103924,103941,103946,
103967,103988,103997,
104057,104076,104124,
104149,104159,104176,
104230,104261,104276,
104298,104311,104336,
104343,104350,104381,
104429,104450,104460,
104502,104514,104520,
104541,104551,104635,
104661,104679,104698,
104704,104708,104714,
104717,104723,104875,
104926,104954,104959,
104965,104974,105029,
105072,105080,105086,
105092,105109,105119,
105153,105167,105206,
105245,105255,105312,
105339,105353,105355,
105358,105401,105420,
105426,105429,105435,
105482,105484,105500,
105520,105527,105532,
105576,105590,105595,
105597,105604,105644,
105658,105660,105662,
105666,105700,105729,
105771,105784,105806,
105854,105890,105939,
105950,105989,106012,
106023,106035,106065,
106088,106127,106159,
106160,106171,106172,
106175,106185,106200,
106222,106267,106276,
106278,106300,106313,
106339,106364,106382,
106406,106409,106424,
106432,106456,106460,
106466,106472,106473,
106476,106487,106515,
106539,106566,106579,
106605,106662,106676,
106712,106720,106772,
106780,106845,106860,
106876,106908,106953,
106966,107001,107007,
107024,107026,107048,
107056,107110,107181,
107185,107198,107221,
107302,107320,107323,
107335,107354,107408,
107415,107418,107425,
107507,107509,107554,
107555,107563,107579,
107596,107601,107634,
107640,107674,107700,
107712,107713,107717,
107795,107834,107840,
107867,107884,107889,
107893,107915,107919,
107930,107931,107938,
107945,107947,107954,
107959,107964,107965,
107990,108006,108016,
108021,108057,108111,
108130,108132,108135,
108161,108178,108191,
108193,108195,108223,
108245,108261,108267,
108277,108299,108318,
108339,108348,108357,
108372,108376,108380,
108410,108475,108488,
108494,108513,108586,
108608,108617,108627,
108636,108647,108654,
108669,108770,108785,
108875,108903,108906,
108913,108918,108938,
108951,108959,109010,
109028,109065,109067,
109070,109078,109086,
109090,109092,109105,
109121,109130,109133,
109333,109335,109365,
109373,109375,109376,
109401,109417,109445,
109455,109506,109535,
109544,109554,109566,
109569,109597,109598,
109605,109608,109737,
109738,109814,109815,
109817,109831,109846,
109857,109858,109866,
109889,109894,109916,
109920,109926,109930,
109972,109993,110008,
110013,110069,110086,
110101,110105,110134,
110151,110154,110156,
110194,110219,110237,
110241,110255,110264,
110276,110282,110285,
110298,110321,110344,
110363,110378,110412,
110449,110450,110473,
110476,110482,110488,
110490,110516,110525,
110548,110570,110571,
110576,110582,110588,
110592,110619,110623,
110652,110684,110714,
110723,110782,110808,
110816,110834,110838,
110884,110904,110914,
110922,110986,110989,
111019,111064,111074,
111110,111158,111176,
111229,111241,111261,
111315,111331,111334,
111337,111342,111350,
111351,111359,111377,
111385,111396,111430,
111440,111441,111496,
111527,111547,111553,
111554,111563,111602,
111649,111674,111716,
111725,111730,111759,
111782,111809,111813,
111834,111849,111867,
111879,111894,111902,
111903,111907,111910,
111921,111931,111933,
111952,111957,111962,
111990,111997,111998,
112045,112052,112053,
112069,112072,112076,
112088,112107,112124,
112137,112156,112175,
112196,112209,112214,
112216,112245,112291,
112307,112333,112336,
112425,112426,112452,
112483,112489,112553,
112556,112559,112592,
112645,112683,112710,
112719,112734,112735,
112736,112744,112745,
112749,112766,112795,
112849,112858,112865,
112873,112894,112897,
112934,112988,112991,
113047,113050,113056,
113059,113060,113107,
113149,113165,113176,
113220,113227,113252,
113257,113261,113277,
113293,113304,113324,
113352,113371,113382,
113414,113424,113443,
113466,113479,113519,
113533,113537,113544,
113562,113567,113600,
113605,113622,113669,
113681,113683,113684,
113689,113696,113710,
113712,113745,113748,
113763,113766,113767,
113768,113795,113816,
113820,113842,113910,
113916,113929,113942,
113971,113980,113985,
114022,114052,114074,
114079,114080,114101,
114116,114117,114118,
114165,114171,114197,
114215,114219,114227,
114242,114261,114304,
114330,114331,114334,
114353,114358,114359,
114374,114409,114415,
114435,114491,114500,
114537,114559,114565,
114676,114678,114704,
114705,114724,114739,
114783,114784,114791,
114795,114798,114802,
114819,114822,114835,
114837,114865,114877,
114889,114892,114893,
114917,114925,114937,
114944,114957,114964,
114966,114995,115004,
115011,115015,115039,
115041,115048,115112,
115134,115139,115150,
115191,115270,115296,
115329,115350,115358,
115408,115416,115473,
115475,115570,115611,
115636,115649,115676,
115682,115688,115699,
115719,115755,115790,
115794,115812,115851,
115857,115874,115889,
115895,115899,115920,
115959,115994,116003,
116014,116017,116021,
116026,116034,116052,
116139,116152,116159,
116166,116173,116176,
116191,116224,116225,
116236,116243,116252,
116272,116276,116308,
116314,116317,116340,
116344,116346,116371,
116401,116411,116437,
116448,116461,116496,
116506,116510,116511,
116540,116543,116552,
116558,116566,116572,
116573,116591,116595,
116612,116640,116686,
116696,116706,116736,
116760,116806,116822,
116831,116833,116858,
116863,116874,116883,
116890,116940,116948,
116962,116964,116969,
116974,117022,117033,
117037,117053,117054,
117095,117111,117116,
117122,117144,117187,
117193,117212,117265,
117268,117277,117289,
117290,117296,117323,
117330,117358,117363,
117368,117377,117383,
117393,117399,117441,
117447,117451,117461,
117492,117498,117509,
117519,117551,117556,
117561,117562,117578,
117626,117633,117718,
117735,117738,117776,
117777,117820,117881,
117893,117898,117912,
117933,117949,117987,
117988,118001,118012,
118054,118088,118103,
118135,118145,118163,
118167,118240,118254,
118261,118325,118337,
118356,118390,118395,
118414,118417,118437,
118438,118439,118478,
118486,118509,118512,
118548,118551,118570,
118573,118590,118596,
118611,118646,118677,
118722,118740,118756,
118835,118863,118927,
118955,118972,119002,
119018,119088,119133,
119148,119175,119195,
119224,119230,119239,
119264,119318,119322,
119324,119339,119358,
119372,119377,119421,
119455,119477,119481,
119489,119507,119536,
119574,119592,119598,
119656,119658,119664,
119686,119693,119717,
119723,119724,119735,
119753,119758,119774,
119784,119822,119833,
119834,119838,119848,
119858,119872,119880,
119881,119886,119898,
119902,119903,119910,
119976,119983,119991,
119996,120055,120065,
120101,120125,120132,
120158,120188,120198,
120227,120254,120270,
120285,120293,120353,
120365,120380,120436,
120451,120455,120457,
120505,120513,120518,
120569,120576,120580,
120584,120585,120588,
120594,120605,120617,
120715,120730,120762,
120785,120804,120846,
120870,120891,120916,
120965,121014,121050,
121061,121064,121077,
121122,121167,121191,
121214,121222,121247,
121255,121304,121310,
121317,121318,121338,
121400,121437,121447,
121466,121515,121540,
121547,121567,121568,
121592,121610,121615,
121617,121635,121697,
121699,121707,121743,
121774,121781,121786,
121811,121814,121822,
121846,121857,121934,
122000,122005,122016,
122029,122051,122065,
122067,122089,122102,
122148,122149,122176,
122183,122188,122235,
122246,122290,122305,
122398,122401,122406,
122408,122452,122473,
122477,122478,122503,
122521,122530,122542,
122545,122546,122555,
122627,122660,122665,
122680,122713,122714,
122734,122769,122808,
122852,122898,122946,
122961,122971,122994,
123007,123025,123026,
123028,123046,123052,
123087,123119,123131,
123143,123146,123158,
123160,123187,123212,
123217,123223,123230,
123344,123361,123365,
123378,123380,123389,
123404,123416,123467,
123470,123489,123497,
123535,123541,123545,
123575,123658,123673,
123685,123689,123690,
123701,123720,123804,
123832,123855,123886,
123893,123895,123897,
123965,123986,123993,
124065,124067,124076,
124102,124119,124122,
124150,124197,124264,
124265,124278,124303,
124356,124378,124387,
124411,124424,124497,
124507,124509,124519,
124526,124530,124586,
124587,124642,124648,
124672,124702,124708,
124711,124736,124741,
124762,124768,124786,
124795,124817,124832,
124869,124894,124902,
124903,124945,124947,
124969,125032,125034,
125041,125049,125050,
125053,125128,125146,
125165,125170,125184,
125236,125244,125251,
125298,125303,125374,
125517,125527,125531,
125534,125557,125625,
125635,125636,125639,
125646,125652,125655,
125656,125657,125673,
125693,125723,125729,
125870,125906,125916,
125920,125950,125975,
125976
